0,273
0,270
3,2
3,1
3,3
10,125
78,4
78,3
78,2
10,251
78,1
78,0
10,271
10,317
65,3
65,1
10,237
28,3
28,1
11,5
11,15
26,3
26,1
25,3
25,1
11,30
11,28
11,27
11,26
11,25
11,24
11,21
11,20
11,16
11,14
11,13
11,12
11,11
11,9
11,8
11,7
11,6
8,4
8,2
8,3
11,4
11,3
11,2
11,1
10,312
10,311
12,2
12,1
10,298
10,294
12,3
10,270
10,267
10,263
10,222
10,211
10,209
10,200
10,183
10,180
10,177
10,170
10,169
10,158
10,139
10,115
10,21
10,19
10,17
20,2
20,1
10,15
20,3
19,2
19,1
10,11
10,3
19,3
10,2
10,1
9,7
9,6
9,5
9,4
9,3
9,2
9,1
8,18
8,17
